 1984.0452 -0.717413119E-10  0.855816953E-09
 1984.1273 -0.397108706E-09  0.138531524E-08
 1984.2094  0.280217115E-09  0.141637211E-08
 1984.2930  0.743283320E-10  0.151526630E-08
 1984.3765 -0.970335871E-10  0.156575533E-08
 1984.4600 -0.206398976E-09  0.149790434E-08
 1984.5435 -0.433305588E-09  0.150162659E-08
 1984.6283 -0.761684888E-09  0.133190036E-08
 1984.7118 -0.630131393E-09  0.128651279E-08
 1984.7953 -0.639367858E-09  0.102326244E-08
 1984.8789 -0.378985084E-09  0.100478377E-08
 1984.9624 -0.503549964E-09  0.788485248E-09
 1985.0452 -0.228389150E-09  0.803750146E-09
 1985.1259  0.230358054E-09  0.875286155E-09
 1985.2067  0.966527203E-10  0.103059751E-08
 1985.2902  0.180666842E-09  0.115569935E-08
 1985.3737  0.508127605E-10  0.143500191E-08
 1985.4572 -0.140345877E-10  0.147080563E-08
 1985.5407 -0.212975826E-09  0.139893352E-08
 1985.6256 -0.358367300E-09  0.152257349E-08
 1985.7091 -0.378537935E-09  0.143707766E-08
 1985.7926 -0.485048285E-09  0.140666974E-08
 1985.8761 -0.556292442E-09  0.126274001E-08
 1985.9596 -0.419051337E-09  0.912877168E-09
 1986.0452 -0.397604793E-09  0.913437011E-09
 1986.1259 -0.234070636E-09  0.841276948E-09
 1986.2067 -0.402066760E-10  0.103882465E-08
 1986.2902 -0.829121676E-10  0.926153618E-09
 1986.3737  0.427659299E-10  0.110793466E-08
 1986.4572  0.614790001E-10  0.119072161E-08
 1986.5407 -0.395056899E-10  0.128124190E-08
 1986.6256 -0.162759987E-09  0.139353906E-08
 1986.7091 -0.225146760E-09  0.135468289E-08
 1986.7926 -0.289097862E-09  0.129723628E-08
 1986.8761 -0.318074431E-09  0.130015382E-08
 1986.9596 -0.379762906E-09  0.125779656E-08
 1987.0452 -0.450339988E-09  0.115244037E-08
 1987.1259 -0.282747797E-09  0.134952795E-08
 1987.2067 -0.430332207E-09  0.970967778E-09
 1987.2902 -0.325885894E-09  0.104967254E-08
 1987.3737 -0.387710843E-09  0.103182847E-08
 1987.4572 -0.232378552E-09  0.103047533E-08
 1987.5407  0.141472475E-10  0.113891270E-08
 1987.6256 -0.190509283E-09  0.105862608E-08
 1987.7091  0.304302577E-10  0.116881633E-08
 1987.7926  0.741004441E-10  0.133304820E-08
 1987.8761  0.185993064E-11  0.136445106E-08
 1987.9596  0.391711471E-10  0.140547442E-08
 1988.0452  0.114272109E-09  0.129029779E-08
 1988.1273 -0.175256988E-09  0.143993236E-08
 1988.2094 -0.303926149E-09  0.146853302E-08
 1988.2930 -0.347286920E-09  0.152419334E-08
 1988.3765 -0.409047232E-09  0.787669009E-09
 1988.4600 -0.371868813E-09  0.116974168E-08
 1988.5435 -0.972942879E-10  0.879210162E-09
 1988.6283 -0.321243579E-09  0.975145787E-09
 1988.7118 -0.189352124E-09  0.978766988E-09
 1988.7953 -0.710182340E-10  0.105768935E-08
 1988.8789  0.199010324E-09  0.101109180E-08
 1988.9624 -0.113707219E-09  0.114183798E-08
 1989.0452  0.133260392E-09  0.130669132E-08
 1989.1259 -0.588180925E-11  0.132990547E-08
 1989.2067  0.561354015E-10  0.146163649E-08
 1989.2902 -0.603364674E-10  0.149419027E-08
 1989.3737 -0.368399562E-09  0.145909195E-08
 1989.4572 -0.369366226E-09  0.132844676E-08
 1989.5407 -0.513798464E-09  0.126934068E-08
 1989.6256 -0.688267458E-09  0.110513929E-08
 1989.7091 -0.448723326E-09  0.112648799E-08
 1989.7926 -0.204112232E-09  0.927155220E-09
 1989.8761 -0.733620771E-10  0.860114224E-09
 1989.9596 -0.180730714E-09  0.119401443E-08
 1990.0452  0.203626334E-09  0.103945529E-08
 1990.1259  0.169666168E-09  0.113378620E-08
 1990.2067 -0.263041546E-11  0.141869243E-08
 1990.2902  0.160299573E-09  0.165733517E-08
 1990.3737 -0.264664350E-09  0.185376034E-08
 1990.4572 -0.288962333E-09  0.163739987E-08
 1990.5407 -0.460307960E-09  0.158369943E-08
 1990.6256 -0.564925397E-09  0.138282210E-08
 1990.7091 -0.618284014E-09  0.130851756E-08
 1990.7926 -0.409324525E-09  0.116967981E-08
 1990.8761 -0.372047219E-09  0.104941767E-08
 1990.9596 -0.349868666E-09  0.968282061E-09
 1991.0452 -0.703451996E-10  0.900812268E-09
 1991.1259  0.393284606E-10  0.920213484E-09
 1991.2067  0.290800423E-09  0.113082474E-08
 1991.2902  0.244452321E-09  0.123774169E-08
 1991.3737  0.267643337E-10  0.141426610E-08
 1991.4572 -0.931807011E-10  0.159227768E-08
 1991.5407 -0.131615338E-09  0.162444027E-08
 1991.6256 -0.383009833E-09  0.164859934E-08
 1991.7091 -0.460885085E-09  0.152447934E-08
 1991.7926 -0.499199666E-09  0.142529948E-08
 1991.8761 -0.555029587E-09  0.117788951E-08
 1991.9596 -0.377514828E-09  0.107895810E-08
 1992.0452 -0.361193453E-09  0.949733556E-09
 1992.1273 -0.346408960E-09  0.789093621E-09
 1992.2094 -0.155024105E-09  0.981904771E-09
 1992.2930  0.662694617E-10  0.115016118E-08
 1992.3765  0.161925972E-09  0.120261618E-08
 1992.4600  0.158677413E-09  0.131577105E-08
 1992.5435  0.119031504E-09  0.134356693E-08
 1992.6283 -0.876105246E-10  0.157360708E-08
 1992.7118 -0.125541271E-09  0.160169662E-08
 1992.7953 -0.259796737E-09  0.161146784E-08
 1992.8789 -0.384118096E-09  0.150565438E-08
 1992.9624 -0.299826298E-09  0.151799080E-08
 1993.0452 -0.494147332E-09  0.124611139E-08
 1993.1259 -0.401012041E-09  0.117866348E-08
 1993.2067 -0.377757258E-09  0.109048317E-08
 1993.2902 -0.236783898E-09  0.115741117E-08
 1993.3737 -0.197333913E-09  0.110037844E-08
 1993.4572 -0.262520799E-10  0.113098624E-08
 1993.5407  0.243562659E-10  0.117441542E-08
 1993.6256  0.400824693E-11  0.126380878E-08
 1993.7091  0.855869334E-10  0.137743746E-08
 1993.7926  0.714126203E-11  0.145182104E-08
 1993.8761 -0.158139808E-10  0.153404859E-08
 1993.9596 -0.761371979E-10  0.157575204E-08
 1994.0452 -0.187756641E-09  0.153920376E-08
 1994.1259 -0.300156608E-09  0.153825325E-08
 1994.2067 -0.369043322E-09  0.148554186E-08
 1994.2902 -0.418220054E-09  0.147431526E-08
 1994.3737 -0.420875084E-09  0.131212643E-08
 1994.4572 -0.349533191E-09  0.120445756E-08
 1994.5407 -0.256650978E-09  0.119927802E-08
 1994.6256 -0.188434581E-09  0.116553824E-08
 1994.7091 -0.783703246E-10  0.117418795E-08
 1994.7926  0.244332291E-10  0.125001418E-08
 1994.8761  0.117105322E-09  0.131797512E-08
 1994.9596  0.121938592E-09  0.143192605E-08
 1995.0452  0.793341944E-10  0.156695771E-08
 1995.1259  0.438913395E-10  0.166039248E-08
 1995.2067 -0.104836129E-09  0.170354347E-08
 1995.2902 -0.218594113E-09  0.176263553E-08
 1995.3737 -0.390187456E-09  0.166528626E-08
 1995.4572 -0.495850002E-09  0.149749419E-08
 1995.5407 -0.525378429E-09  0.137879667E-08
 1995.6256 -0.505371071E-09  0.120981346E-08
 1995.7091 -0.382728669E-09  0.109163299E-08
 1995.7926 -0.222075539E-09  0.100706738E-08
 1995.8761 -0.853761628E-10  0.101037126E-08
 1995.9596  0.817614828E-10  0.107193933E-08
 1996.0452  0.207994848E-09  0.121192181E-08
 1996.1273  0.255898412E-09  0.133471448E-08
 1996.2094  0.174695582E-09  0.153003744E-08
 1996.2930  0.545557851E-10  0.169252251E-08
 1996.3765 -0.125574580E-09  0.174113452E-08
 1996.4600 -0.265860456E-09  0.175355150E-08
 1996.5435 -0.453029613E-09  0.161442072E-08
 1996.6283 -0.521119166E-09  0.150130315E-08
 1996.7118 -0.509767036E-09  0.134331626E-08
 1996.7953 -0.475226548E-09  0.112447689E-08
 1996.8789 -0.354743612E-09  0.102664075E-08
 1996.9624 -0.201785345E-09  0.943297446E-09
 1997.0452 -0.425308901E-11  0.955920134E-09
 1997.1259  0.762808316E-10  0.108663022E-08
 1997.2067  0.150254345E-09  0.123403958E-08
 1997.2902  0.152894021E-09  0.143295870E-08
 1997.3737  0.778911118E-10  0.150951924E-08
 1997.4572 -0.434002727E-11  0.162101463E-08
 1997.5407 -0.223057170E-09  0.164751812E-08
 1997.6256 -0.351546646E-09  0.161585648E-08
 1997.7091 -0.473171575E-09  0.150513067E-08
 1997.7926 -0.458291830E-09  0.136217126E-08
 1997.8761 -0.440759528E-09  0.127874173E-08
 1997.9596 -0.345921556E-09  0.119873539E-08
 1998.0452 -0.187237826E-09  0.111385053E-08
 1998.1259 -0.100409667E-09  0.112284102E-08
 1998.2067 -0.774365254E-11  0.122134101E-08
 1998.2902  0.498946649E-10  0.131382761E-08
 1998.3737  0.530920273E-10  0.141923695E-08
 1998.4572  0.412601645E-10  0.149105626E-08
 1998.5407 -0.477100058E-10  0.158782017E-08
 1998.6256 -0.136832035E-09  0.160397359E-08
 1998.7091 -0.252826970E-09  0.159097515E-08
 1998.7926 -0.349841952E-09  0.150997246E-08
 1998.8761 -0.333889585E-09  0.145025090E-08
 1998.9596 -0.324722918E-09  0.132228169E-08
 1999.0452 -0.320871225E-09  0.126075119E-08
 1999.1259 -0.277517343E-09  0.120923230E-08
 1999.2067 -0.217197338E-09  0.125738685E-08
 1999.2902 -0.147526388E-09  0.124100560E-08
 1999.3737 -0.129911124E-09  0.126706949E-08
 1999.4572 -0.571268662E-10  0.129214899E-08
 1999.5407 -0.638540424E-10  0.136576634E-08
 1999.6256 -0.101425265E-09  0.142767455E-08
 1999.7091 -0.115000007E-09  0.148634696E-08
 1999.7926 -0.172940020E-09  0.147069229E-08
 1999.8761 -0.181866163E-09  0.146053664E-08
 1999.9596 -0.181709321E-09  0.146447130E-08
 2000.0452 -0.199998584E-09  0.145694515E-08
 2000.1273 -0.228340106E-09  0.143726550E-08
 2000.2094 -0.257081921E-09  0.142434915E-08
 2000.2930 -0.272910770E-09  0.139962550E-08
 2000.3765 -0.319125949E-09  0.135265044E-08
 2000.4600 -0.292628634E-09  0.136623943E-08
 2000.5435 -0.208598793E-09  0.125072977E-08
 2000.6283 -0.223894087E-09  0.127035718E-08
 2000.7118 -0.155986649E-09  0.126333012E-08
 2000.7953 -0.869622389E-10  0.128609634E-08
 2000.8789 -0.174459218E-10  0.132887372E-08
 2000.9624  0.244258823E-10  0.144768411E-08
 2001.0452 -0.380257639E-10  0.151264872E-08
 2001.1259 -0.130051124E-09  0.155270642E-08
 2001.2067 -0.247149290E-09  0.167345523E-08
 2001.2902 -0.359312188E-09  0.165018605E-08
 2001.3737 -0.480942230E-09  0.151750114E-08
 2001.4572 -0.527248512E-09  0.140663063E-08
 2001.5407 -0.493978760E-09  0.126339020E-08
 2001.6256 -0.440322174E-09  0.117914323E-08
 2001.7091 -0.295136688E-09  0.109625277E-08
 2001.7926 -0.197823653E-09  0.114473278E-08
 2001.8761 -0.424680588E-10  0.117824632E-08
 2001.9596  0.886879090E-10  0.125651979E-08
 2002.0452  0.139348568E-09  0.138444279E-08
 2002.1259  0.545099957E-10  0.148671900E-08
 2002.2067 -0.311755809E-10  0.168660711E-08
 2002.2902 -0.172350661E-09  0.170515929E-08
 2002.3737 -0.395801730E-09  0.168012111E-08
 2002.4572 -0.452003137E-09  0.166582007E-08
 2002.5407 -0.510073603E-09  0.153299121E-08
 2002.6256 -0.579842594E-09  0.139517804E-08
 2002.7091 -0.502628597E-09  0.127653832E-08
 2002.7926 -0.381351450E-09  0.120273974E-08
 2002.8761 -0.230134149E-09  0.115586269E-08
 2002.9596 -0.811156527E-10  0.115225706E-08
 2003.0452  0.676857824E-10  0.125805460E-08
 2003.1259  0.726708273E-10  0.135722952E-08
 2003.2067  0.986950641E-10  0.147297737E-08
 2003.2902 -0.218373516E-10  0.159830363E-08
 2003.3737 -0.142073609E-09  0.166842760E-08
 2003.4572 -0.246767203E-09  0.170455635E-08
 2003.5407 -0.425938051E-09  0.169887163E-08
 2003.6256 -0.548088310E-09  0.161071330E-08
 2003.7091 -0.536384308E-09  0.148819086E-08
 2003.7926 -0.524940280E-09  0.133648841E-08
 2003.8761 -0.418320252E-09  0.123133097E-08
 2003.9596 -0.269389515E-09  0.116155126E-08
 2004.0452 -0.141649591E-09  0.117527144E-08
 2004.1273 -0.292390313E-10  0.124105401E-08
 2004.2094  0.275128777E-10  0.131892780E-08
 2004.2930  0.295965601E-10  0.148623694E-08
 2004.3765  0.900825039E-11  0.156877269E-08
 2004.4600 -0.614147023E-10  0.161892444E-08
 2004.5435 -0.213516924E-09  0.173666155E-08
 2004.6283 -0.329553939E-09  0.170709812E-08
 2004.7118 -0.401729832E-09  0.166114792E-08
 2004.7953 -0.493404607E-09  0.153414530E-08
 2004.8789 -0.472313254E-09  0.144280268E-08
 2004.9624 -0.459588119E-09  0.131405701E-08
 2005.0452 -0.360174849E-09  0.120213643E-08
 2005.1259 -0.238866866E-09  0.126326829E-08
 2005.2067 -0.153448681E-09  0.129439552E-08
 2005.2902 -0.111601554E-09  0.130216066E-08
 2005.3737 -0.410131561E-10  0.141667274E-08
 2005.4572 -0.788257664E-10  0.147626241E-08
 2005.5407 -0.110064533E-09  0.152796754E-08
 2005.6256 -0.174407846E-09  0.154950601E-08
 2005.7091 -0.213429101E-09  0.158104925E-08
 2005.7926 -0.260609658E-09  0.155181486E-08
 2005.8761 -0.229100944E-09  0.157362778E-08
 2005.9596 -0.266842472E-09  0.153542180E-08
 2006.0452 -0.206298157E-09  0.153378864E-08
 2006.1259 -0.243436803E-09  0.148717079E-08
 2006.2067 -0.327866250E-09  0.150649860E-08
 2006.2902 -0.365909128E-09  0.143905030E-08
 2006.3737 -0.352683686E-09  0.142220970E-08
 2006.4572 -0.367018845E-09  0.138313143E-08
 2006.5407 -0.374351038E-09  0.132640244E-08
 2006.6256 -0.322893731E-09  0.131380191E-08
 2006.7091 -0.273742128E-09  0.134271016E-08
 2006.7926 -0.181751215E-09  0.134630319E-08
 2006.8761 -0.134744835E-09  0.140252014E-08
 2006.9596 -0.138751925E-09  0.144360110E-08
 2007.0452 -0.117917593E-09  0.150034612E-08
 2007.1259 -0.143305093E-09  0.159716680E-08
 2007.2067 -0.237058185E-09  0.165171982E-08
 2007.2902 -0.290379406E-09  0.170453757E-08
 2007.3737 -0.376255853E-09  0.165810587E-08
 2007.4572 -0.477887042E-09  0.160906366E-08
 2007.5407 -0.522696709E-09  0.150812078E-08
 2007.6256 -0.514236598E-09  0.144162314E-08
 2007.7091 -0.452840069E-09  0.133038594E-08
 2007.7926 -0.331329499E-09  0.125796832E-08
 2007.8761 -0.199823245E-09  0.123531580E-08
 2007.9596 -0.106366666E-09  0.128382287E-08
 2008.0452 -0.370100406E-10  0.132825183E-08
 2008.1273 -0.166747505E-10  0.148848092E-08
 2008.2094 -0.696053139E-10  0.158896293E-08
 2008.2930 -0.175175413E-09  0.170390621E-08
 2008.3765 -0.319389642E-09  0.174894055E-08
 2008.4600 -0.484624976E-09  0.168596150E-08
 2008.5435 -0.590692321E-09  0.161988032E-08
 2008.6283 -0.688807896E-09  0.151065992E-08
 2008.7118 -0.666901675E-09  0.135082715E-08
 2008.7953 -0.577322913E-09  0.119353951E-08
 2008.8789 -0.443774188E-09  0.113478928E-08
 2008.9624 -0.289130958E-09  0.110782624E-08
 2009.0452 -0.922425853E-10  0.117175707E-08
 2009.1259 -0.444129773E-10  0.126921317E-08
 2009.2067 -0.687152901E-10  0.144313099E-08
 2009.2902 -0.590993222E-10  0.161012475E-08
 2009.3737 -0.219582135E-09  0.168898580E-08
 2009.4572 -0.351066357E-09  0.169063813E-08
 2009.5407 -0.510580079E-09  0.170525267E-08
 2009.6256 -0.625785914E-09  0.161581447E-08
 2009.7091 -0.660557583E-09  0.150599132E-08
 2009.7926 -0.648333909E-09  0.135202035E-08
 2009.8761 -0.575169746E-09  0.127782936E-08
 2009.9596 -0.475776921E-09  0.118540878E-08
 2010.0452 -0.305581834E-09  0.122746655E-08
 2010.1259 -0.258198024E-09  0.125210619E-08
 2010.2067 -0.168373779E-09  0.132508406E-08
 2010.2902 -0.124701563E-09  0.147330029E-08
 2010.3737 -0.172134141E-09  0.159032023E-08
 2010.4572 -0.283711504E-09  0.157982340E-08
 2010.5407 -0.445149605E-09  0.164632210E-08
 2010.6256 -0.534864721E-09  0.154696475E-08
 2010.7091 -0.590391172E-09  0.148887800E-08
 2010.7926 -0.596581418E-09  0.143682021E-08
 2010.8761 -0.564350732E-09  0.131934705E-08
 2010.9596 -0.494756356E-09  0.123297297E-08
 2011.0452 -0.376404718E-09  0.116790817E-08
 2011.1259 -0.304526653E-09  0.121670677E-08
 2011.2067 -0.224243020E-09  0.125217619E-08
 2011.2902 -0.200328421E-09  0.133087638E-08
 2011.3737 -0.238121030E-09  0.146679470E-08
 2011.4572 -0.273566520E-09  0.147526013E-08
 2011.5407 -0.400148558E-09  0.156297431E-08
 2011.6256 -0.470455642E-09  0.157237049E-08
 2011.7091 -0.510918532E-09  0.153326238E-08
 2011.7926 -0.580617087E-09  0.146579823E-08
 2011.8761 -0.564660187E-09  0.139106734E-08
 2011.9596 -0.516899516E-09  0.130137207E-08
 2012.0452 -0.417799789E-09  0.127351591E-08
 2012.1273 -0.368897874E-09  0.128932373E-08
 2012.2094 -0.308986955E-09  0.133938614E-08
 2012.2930 -0.293395623E-09  0.141110979E-08
 2012.3765 -0.294420533E-09  0.146415444E-08
 2012.4600 -0.373147462E-09  0.146741943E-08
 2012.5435 -0.482642818E-09  0.152035516E-08
 2012.6283 -0.531829985E-09  0.152101347E-08
 2012.7118 -0.550695643E-09  0.149183809E-08
 2012.7953 -0.520714431E-09  0.142236743E-08
 2012.8789 -0.466311757E-09  0.138385740E-08
 2012.9624 -0.430635217E-09  0.136403972E-08
 2013.0452 -0.367075027E-09  0.136934112E-08
 2013.1259 -0.344548353E-09  0.141435620E-08
 2013.2067 -0.370634141E-09  0.144567992E-08
 2013.2902 -0.369788604E-09  0.153556288E-08
 2013.3737 -0.427560721E-09  0.151536497E-08
 2013.4572 -0.449435746E-09  0.151906661E-08
 2013.5407 -0.542766725E-09  0.149921903E-08
 2013.6256 -0.539350477E-09  0.145163129E-08
 2013.7091 -0.517676311E-09  0.141922754E-08
 2013.7926 -0.457072744E-09  0.137491266E-08
 2013.8761 -0.362618878E-09  0.137711155E-08
 2013.9596 -0.397482076E-09  0.134807126E-08
 2014.0452 -0.335829910E-09  0.140905748E-08
 2014.1259 -0.340300484E-09  0.148678661E-08
 2014.2067 -0.364343620E-09  0.152506491E-08
 2014.2902 -0.386661543E-09  0.159455585E-08
 2014.3737 -0.469216393E-09  0.160586597E-08
 2014.4572 -0.548869077E-09  0.157515667E-08
 2014.5407 -0.589588706E-09  0.151549058E-08
 2014.6256 -0.628834730E-09  0.146242831E-08
 2014.7091 -0.603943530E-09  0.139794732E-08
 2014.7926 -0.551646590E-09  0.135490213E-08
 2014.8761 -0.448320276E-09  0.133928902E-08
 2014.9596 -0.372680651E-09  0.133863706E-08
 2015.0452 -0.290967754E-09  0.136935909E-08
 2015.1259 -0.310807042E-09  0.146396287E-08
 2015.2067 -0.320504322E-09  0.148010487E-08
 2015.2902 -0.332706449E-09  0.156630169E-08
 2015.3737 -0.424424048E-09  0.160086332E-08
 2015.4572 -0.477595168E-09  0.160698701E-08
 2015.5407 -0.606778878E-09  0.157658156E-08
 2015.6256 -0.641600236E-09  0.153043324E-08
 2015.7091 -0.654198997E-09  0.145511558E-08
 2015.7926 -0.608503551E-09  0.137740762E-08
 2015.8761 -0.534270080E-09  0.132164724E-08
 2015.9596 -0.445919046E-09  0.128137900E-08
 2016.0452 -0.338362951E-09  0.136650763E-08
 2016.1273 -0.273565401E-09  0.140369090E-08
 2016.2094 -0.293141486E-09  0.149284411E-08
 2016.2930 -0.337130134E-09  0.161134373E-08
 2016.3765 -0.406112038E-09  0.164632777E-08
 2016.4600 -0.465568733E-09  0.164694919E-08
 2016.5435 -0.574101379E-09  0.166199902E-08
 2016.6283 -0.622695351E-09  0.158150393E-08
 2016.7118 -0.649059419E-09  0.150096194E-08
 2016.7953 -0.627604747E-09  0.143589705E-08
 2016.8789 -0.560479356E-09  0.140116294E-08
 2016.9624 -0.504686180E-09  0.136316518E-08
 2017.0452 -0.365501232E-09  0.135977351E-08
 2017.1259 -0.336500869E-09  0.140425618E-08
 2017.2067 -0.346779702E-09  0.148126230E-08
 2017.2902 -0.359359712E-09  0.154536351E-08
 2017.3737 -0.467017738E-09  0.160248649E-08
 2017.4572 -0.516152256E-09  0.162757018E-08
 2017.5407 -0.604971344E-09  0.162228218E-08
 2017.6256 -0.678281309E-09  0.153438986E-08
 2017.7091 -0.691329270E-09  0.147840113E-08
 2017.7926 -0.657130445E-09  0.138210465E-08
